36
50
33
34
64
42
97
76
43
42
48
94
42
68
12
87
36
63
75
49
60
71
52
68
64
50
66
89
54
45
46
44
60
42
69
80
69
55
65
57
59
86
48
63
35
63
79
45
60
56
64
62
63
75
56
59
65
38
36
46
49
50
76
38
32
32
71
78
65
45
81
90
69
68
54
88
36
71
59
69
10
85
47
72
11
85
97
54
79
47
72
35
61
37
72
26
22
78
55
46
71
78
69
60
82
31
68
79
72
60
72
78
83
42
76
71
67
84
44
17
73
69
48
93
47
46
79
74
51
35
52
85
39
61
57
42
53
34
64
41
88
75
78
75
63
95
68
69
76
66
66
65
75
38
62
66
65
38
15
46
41
75
40
42
80
47
57
21
45
88
61
27
68
68
60
83
93
52
61
67
26
57
48
78
69
56
74
77
